# X Y
-2.000000000000000000e+00 -4.347826086956521618e-01
-1.800000000000000044e+00 -5.143562545720556933e-01
-1.600000000000000089e+00 -5.902490851139180483e-01
-1.400000000000000133e+00 -6.456611570247934306e-01
-1.200000000000000178e+00 -6.612590372068418709e-01
-1.000000000000000222e+00 -6.250000000000001110e-01
-8.000000000000002665e-01 -5.398402072986397959e-01
-6.000000000000003109e-01 -4.207809694793539501e-01
-4.000000000000003553e-01 -2.846731951719428944e-01
-2.000000000000003997e-01 -1.428244972577699390e-01
-4.440892098500626162e-16 -3.172065784643304472e-16
